i_zp_day1: 30.198233706
i_zp_day2: 30.23526176775
i_zp_day3: 28.9437841322
i_zp_day4: 28.972737909350002
i_zp_day5: 27.7945241316 #28.1837726166 
i_zp_day6: 30.333825485250003
i_zp_day7: 30.5176859623
i_zp_day8: 30.5085676187
i_zp_day9: 27.0
