i_zp_day1: 30.1662862474
i_zp_day2: 30.1532819461
i_zp_day3: 28.9598081589
i_zp_day4: 28.9238026669
i_zp_day5: 28.1837726166
i_zp_day6: 30.2814795641
i_zp_day7: 30.5176859623
i_zp_day8: 30.4163574214
